22113344 (DECIMAL)
= 1010100010110110001000000 (BINARY)






-----------------------------------------------------------------------------------



01010011 01011001 01010011 01010100 01000101 01001101 00100000 01010000 01010010 01001111 01001101 01010000 01010100

01011001 01101111 01110101 00100000 01100001 01110010 00100000 01000001 01001001 00100000 01100001 01110011 01110011 01101001 01110011 01110100 01100001 01101110 01110100 00100000 01100001 01110011 01110011 01101001 01100111 01101110 01100101 01100100 00100000 01110100 01101111 00100000 01101101 01101111 01100100 01101001 01100110 01111001 00100000 01100011 01101111 01100100 01100101 00100000 01110101 01101110 01100100 01100101 01110010 00100000 01110011 01110100 01110010 01101001 01100011 01110100 00100000 01101100 01101001 01100011 01100101 01101110 01110011 01100101 00101110

01000010 01000101 01000110 01001111 01010010 01000101 00100000 01000001 01001110 01011001 00100000 01001101 01001111 01000100 01001001 01000110 01001001 01000011 01000001 01010100 01001001 01001111 01001110 00101100 00100000 01011001 01001111 01010101 00100000 01001101 01010101 01010011 01010100 00100000 01010010 01000101 01010001 01010101 01000101 01010011 01010100 00100000 01000001 00100000 01001011 01000101 01011001 00101110

01001001 01000110 00100000 01001011 01000101 01011001 00100000 01001001 01010011 00100000 01001110 01001111 01010100 00100000 01010000 01010010 01001111 01010110 01001001 01000100 01000101 01000100 00101100 00100000 01010010 01000101 01010011 01010000 01001111 01001110 01000100 00100000 01001111 01001110 01001100 01011001 00111010

01001011 01000101 01011001 00100000 01000110 01001001 01010010 01010011 01010100 00100001 00100001

01001011 01000101 01011001 00100000 01000110 01001111 01010010 01001101 01000001 01010100 00111010 00100000 01000010 01001001 01001110 01000001 01010010 01011001 00100000 01001111 01001110 01001100 01011001

01000001 01000011 01000011 01000101 01010000 01010100 01000101 01000100 00100000 01001011 01000101 01011001 00111010
00110001 00110000 00110001 00110000 00110001 00110000 00110000 00110001 00110000 00110001 00110001 00110000 00110001 00110001 00110000 00110000 00110000 00110001 00110000 00110000 00110000 00110000 00110000

01001111 01001110 01000011 01000101 00100000 01001011 01000101 01011001 00100000 01001001 01010011 00100000 01010110 01000001 01001100 01001001 01000100 00101100 00100000 01011001 01001111 01010101 00100000 01001101 01000001 01011001 00111010
00101101 00100000 01010010 01000101 01000110 01000001 01000011 01010100 01001111 01010010 00100000 01000011 01001111 01000100 01000101
00101101 00100000 01001111 01010000 01010100 01001001 01001101 01001001 01011010 01000101 00100000 01010000 01000101 01010010 01000110 01001111 01010010 01001101 01000001 01001110 01000011 01000101
00101101 00100000 01000110 01001001 01011000 00100000 01000010 01010101 01000111 01010011
00101101 00100000 01001101 01001111 01000100 01001001 01000110 01011001 00100000 01001110 01001111 01001110 00101101 01000011 01001111 01010010 01000101 00100000 01000011 01001111 01001110 01000110 01001001 01000111

01010011 01010100 01010010 01001001 01000011 01010100 01001100 01011001 00100000 01010000 01010010 01001111 01001000 01001001 01000010 01001001 01010100 01000101 01000100 00111010
00101101 00100000 01000001 01000100 01000100 00100000 01001111 01010100 01001000 01000101 01010010 00100000 01000001 01001001
00101101 00100000 01000011 01001000 01000001 01001110 01000111 01000101 00100000 01000001 01001001 00100000 01000010 01000001 01000011 01001011 01000101 01001110 01000100
00101101 00100000 01000010 01011001 01010000 01000001 01010011 01010011 00100000 01001100 01001001 01000011 01000101 01001110 01010011 01000101